Plugin Name: request-block
Size: 927123 bytes
Last Modified: 2025-05-23T14:21:09.207735
Created: 2025-05-23T14:21:09.228281
MD5: 4468a4ed080147d7fcab22d899503ea8
